216
226
151
164
52
9
214
128
7
82
14
22
36
187
42
71
18
94
66
130
248
259
233
129
127
30
114
235
28
67
74
231
264
194
220
154
6
239
211
169
159
62
117
20
120
77
137
209
69
25
90
138
224
247
86
230
61
83
93
23
171
126
135
24
173
5
257
175
48
148
144
16
157
155
108
245
41
106
56
19
140
181
223
212
201
251
249
39
254
64
53
260
185
202
4
193
207
101
115
261
131
118
221
43
75
229
50
26
258
134
122
217
54
107
179
81
8
265
119
112
102
180
34
241
198
76
208
191
132
186
197
35
80
113
195
203
96
87
10
72
183
147
11
68
143
161
152
49
91
165
58
166
170
252
38
196
15
99
73
47
31
163
55
37
204
236
238
227
123
17
205
13
59
213
242
250
158
162
263
40
45
243
142
210
85
184
262
29
51
215
60
167
146
174
121
1
218
21
109
232
70
65
219
225
190
253
188
95
44
177
153
228
89
57
79
100
150
12
189
136
192
32
145
240
46
237
156
234
244
246
178
139
88
256
124
84
33
222
133
172
63
125
141
182
160
116
168
149
97
78
255
92
98
3
200