170
220
1
203
197
23
19
232
158
119
63
54
99
186
100
61
217
71
165
157
109
222
111
57
261
43
152
260
91
150
204
166
211
52
49
210
85
120
144
69
93
190
66
256
117
121
129
189
20
67
229
138
239
218
195
35
83
8
247
224
56
106
191
219
153
147
251
233
15
98
17
82
128
65
228
25
18
254
142
40
70
47
44
252
175
107
265
177
29
171
102
75
148
118
53
201
253
241
33
16
115
2
31
14
194
134
168
5
238
263
130
242
209
62
80
139
74
127
161
88
3
42
143
90
92
7
133
58
113
205
213
36
77
81
180
196
38
84
48
60
101
188
51
126
185
12
72
32
258
59
225
215
159
183
227
214
9
108
207
250
46
249
79
76
262
208
11
176
137
140
141
151
200
193
86
146
248
131
136
78
34
164
237
255
234
198
96
50
163
145
22
181
123
206
179
169
223
216
149
122
184
10
202
95
245
30
259
231
246
124
45
212
154
155
24
236
125
55
173
89
132
114
264
6
21
178
73
162
37
167
27
244
160
39
26
240
172
174
226
135
94
257
221
116
243
235
28
156
68
97
4
41
13
87
64
112
182
192
187
230